pi: 3.14159
time: 4.83434